%YAML:1.0
Camera Count: 12
Point Count: 21084
Rotations:
   - !!opencv-matrix
      rows: 3
      cols: 3
      dt: d
      data: [ 1., 0., 0., 0., 1., 0., 0., 0., 1. ]
   - !!opencv-matrix
      rows: 3
      cols: 3
      dt: d
      data: [ 9.9728805341763738e-01, 7.3547588275542378e-02,
          -2.7001424612041677e-03, -7.3542084564431481e-02,
          9.9728993698041035e-01, 2.0840814588596046e-03,
          2.8461040700414587e-03, -1.8798554360519859e-03,
          9.9999418290066167e-01 ]
   - !!opencv-matrix
      rows: 3
      cols: 3
      dt: d
      data: [ 9.9842073826739985e-01, 5.6176446245659893e-02,
          -4.8609133781246145e-04, -5.6172528187022126e-02,
          9.9840303695764998e-01, 6.0019055990220777e-03,
          8.2248079516575724e-04, -5.9651220398121265e-03,
          9.9998187025785212e-01 ]
   - !!opencv-matrix
      rows: 3
      cols: 3
      dt: d
      data: [ 9.9918561612674928e-01, 4.0193425493261964e-02,
          -3.5486719383571222e-03, -4.0207284325019466e-02,
          9.9918365344858961e-01, -3.9244067495424273e-03,
          3.3880396419651696e-03, 4.0638932375752666e-03,
          9.9998600288160933e-01 ]
   - !!opencv-matrix
      rows: 3
      cols: 3
      dt: d
      data: [ 9.9981963388479267e-01, 1.2942766138268042e-02,
          -1.3899082817551056e-02, -1.2948849265210520e-02,
          9.9991609966444539e-01, -3.4775645195877315e-04,
          1.3893415749407985e-02, 5.2767085680764127e-04,
          9.9990334260981495e-01 ]
   - !!opencv-matrix
      rows: 3
      cols: 3
      dt: d
      data: [ 9.9933456249336949e-01, 3.6119463099440537e-02,
          -5.0810030106132253e-03, -3.6093036682613495e-02,
          9.9933490518231738e-01, 5.1999987765661195e-03,
          5.2654448257695519e-03, -5.0131496742992273e-03,
          9.9997357136132847e-01 ]
   - !!opencv-matrix
      rows: 3
      cols: 3
      dt: d
      data: [ 9.9918545046769902e-01, 3.6085905257941378e-02,
          1.8062198520013260e-02, -3.6095043479581410e-02,
          9.9934834537755357e-01, 1.8007596463173509e-04,
          -1.8043930000657214e-02, -8.3188512475567517e-04,
          9.9983684896950598e-01 ]
   - !!opencv-matrix
      rows: 3
      cols: 3
      dt: d
      data: [ 9.9912687296736469e-01, 3.8049590772813919e-03,
          4.1605456383458042e-02, -3.8855064673967887e-03,
          9.9999073032928143e-01, 1.8552883878872155e-03,
          -4.1598011418184810e-02, -2.0153267552993378e-03,
          9.9913239558334910e-01 ]
   - !!opencv-matrix
      rows: 3
      cols: 3
      dt: d
      data: [ 9.9778208946600888e-01, 4.2325971213221347e-02,
          5.1375228483219536e-02, -4.2345895503201336e-02,
          9.9910276428628808e-01, -7.0109167007540124e-04,
          -5.1358807179269723e-02, -1.4759933453284602e-03,
          9.9867917489490443e-01 ]
   - !!opencv-matrix
      rows: 3
      cols: 3
      dt: d
      data: [ 9.9738786669743884e-01, 4.7407255616935699e-02,
          5.4497664900456926e-02, -4.8707396712162530e-02,
          9.9855326744206208e-01, 2.2780728397172694e-02,
          -5.3338849540049089e-02, -2.5375661482062887e-02,
          9.9825399720416430e-01 ]
   - !!opencv-matrix
      rows: 3
      cols: 3
      dt: d
      data: [ 9.9825750517103906e-01, 4.1108855832587970e-02,
          4.2332202184960185e-02, -4.1421042117994300e-02,
          9.9912048195374514e-01, 6.5237880388212474e-03,
          -4.2026784787230542e-02, -8.2658643015490509e-03,
          9.9908229132929594e-01 ]
   - !!opencv-matrix
      rows: 3
      cols: 3
      dt: d
      data: [ 9.9714445283270914e-01, 7.1915668857343726e-02,
          2.3045102684910980e-02, -7.2067017944357589e-02,
          9.9738290087845305e-01, 5.8046498507185497e-03,
          -2.2567346090421235e-02, -7.4488662280032588e-03,
          9.9971757475916789e-01 ]
Motions:
   - !!opencv-matrix
      rows: 3
      cols: 1
      dt: d
      data: [ 0., 0., 0. ]
   - !!opencv-matrix
      rows: 3
      cols: 1
      dt: d
      data: [ 4.7162014238831484e-02, 9.9444549633361734e-01,
          -9.4095160527636709e-02 ]
   - !!opencv-matrix
      rows: 3
      cols: 1
      dt: d
      data: [ 3.3478739030109450e-01, 1.9049566548033676e+00,
          -2.2696201084277323e-01 ]
   - !!opencv-matrix
      rows: 3
      cols: 1
      dt: d
      data: [ 7.5719431241518143e-02, 3.2960358531216531e+00,
          -2.6071852706177445e-01 ]
   - !!opencv-matrix
      rows: 3
      cols: 1
      dt: d
      data: [ 3.6002962155247853e-01, 4.7294576628494180e+00,
          -3.5656795355385351e-01 ]
   - !!opencv-matrix
      rows: 3
      cols: 1
      dt: d
      data: [ 3.6410039728726185e-01, 5.8296698488198846e+00,
          -5.2451525856033721e-01 ]
   - !!opencv-matrix
      rows: 3
      cols: 1
      dt: d
      data: [ 9.4190331557093199e-01, 6.1239476691461991e+00,
          -7.4485897293804371e-01 ]
   - !!opencv-matrix
      rows: 3
      cols: 1
      dt: d
      data: [ 8.8939623242388621e-01, 7.0024304567696580e+00,
          -9.1810560858876933e-01 ]
   - !!opencv-matrix
      rows: 3
      cols: 1
      dt: d
      data: [ 1.2365552872975214e+00, 7.4489334699408438e+00,
          -1.0741856587675342e+00 ]
   - !!opencv-matrix
      rows: 3
      cols: 1
      dt: d
      data: [ 1.1592808851143495e+00, 8.0856502429310915e+00,
          -1.2733916568499448e+00 ]
   - !!opencv-matrix
      rows: 3
      cols: 1
      dt: d
      data: [ 1.3322117863084442e+00, 8.6573194066060797e+00,
          -1.2267421221381243e+00 ]
   - !!opencv-matrix
      rows: 3
      cols: 1
      dt: d
      data: [ 1.7284336428846370e+00, 9.2149045418803279e+00,
          -1.2255871335431041e+00 ]
Points:
   - [ -3.8557574748992920e+00, -2.4315307140350342e+00,
       1.5058619976043701e+00 ]
   - [ -3.9014482498168945e+00, -2.1880924701690674e+00,
       1.4849110841751099e+00 ]
   - [ -3.9014482498168945e+00, -2.1880924701690674e+00,
       1.4849110841751099e+00 ]
   - [ 1.5666962862014771e+00, -3.1096956729888916e+00,
       1.3807291984558105e+00 ]
   - [ -2.8811993598937988e+00, -3.0541210174560547e+00,
       1.5474160909652710e+00 ]
   - [ -3.0758907794952393e+00, -1.8591257333755493e+00,
       1.4302728176116943e+00 ]
   - [ -4.2572016716003418e+00, 2.6864619255065918e+00,
       1.0385626554489136e+00 ]
   - [ -2.3956060409545898e-02, -4.6553416252136230e+00,
       1.6006370782852173e+00 ]
   - [ -9.8626619577407837e-01, -3.3433732986450195e+00,
       1.5208981037139893e+00 ]
   - [ -4.1139965057373047e+00, -3.5287642478942871e+00,
       1.6374005079269409e+00 ]
   - [ -2.2654721736907959e+00, -3.2390596866607666e+00,
       1.5434077978134155e+00 ]
   - [ -2.7606751918792725e+00, -3.1536235809326172e+00,
       1.5536962747573853e+00 ]
   - [ -2.9397051334381104e+00, -3.0836045742034912e+00,
       1.5510264635086060e+00 ]
   - [ -9.8247313499450684e-01, -2.1276509761810303e+00,
       1.3906462192535400e+00 ]
   - [ -9.8294593393802643e-02, -1.9072241783142090e+00,
       1.3406715393066406e+00 ]
   - [ 2.4787379801273346e-01, -1.6774224042892456e+00,
       1.3031344413757324e+00 ]
   - [ -1.2428446114063263e-01, -1.5612775087356567e+00,
       1.3035175800323486e+00 ]
   - [ 2.1302933990955353e-01, -1.5335210561752319e+00,
       1.2891790866851807e+00 ]
   - [ -5.0555753707885742e+00, -7.1422410011291504e-01,
       1.3858094215393066e+00 ]
   - [ -5.4051542282104492e+00, -5.6651288270950317e-01,
       1.3861743211746216e+00 ]
   - [ -5.1093115806579590e+00, -1.2269277125597000e-02,
       1.3284742832183838e+00 ]
   - [ -4.5332436561584473e+00, -4.0663685798645020e+00,
       1.7028874158859253e+00 ]
   - [ -5.2775043249130249e-01, -3.3409264087677002e+00,
       1.4974651336669922e+00 ]
   - [ 1.3154970407485962e+00, -3.0953609943389893e+00,
       1.3958958387374878e+00 ]
   - [ 1.5260747671127319e+00, -3.0766768455505371e+00,
       1.3884527683258057e+00 ]
   - [ -7.1922934055328369e-01, -3.3270738124847412e+00,
       1.5065274238586426e+00 ]
   - [ -5.1694722175598145e+00, -2.7427845001220703e+00,
       1.5901237726211548e+00 ]
   - [ -5.1586456298828125e+00, -2.5018599033355713e+00,
       1.5621144771575928e+00 ]
   - [ -5.1586456298828125e+00, -2.5018599033355713e+00,
       1.5621144771575928e+00 ]
   - [ -3.8299703598022461e+00, -2.1985695362091064e+00,
       1.4825252294540405e+00 ]
   - [ -3.8766875267028809e+00, -2.1321918964385986e+00,
       1.4923756122589111e+00 ]
   - [ -2.9563016891479492e+00, -2.0474934577941895e+00,
       1.4503265619277954e+00 ]
   - [ -3.0781707763671875e+00, -1.9765652418136597e+00,
       1.4468091726303101e+00 ]
   - [ -2.4980068206787109e+00, -1.5540764331817627e+00,
       1.3882282972335815e+00 ]
   - [ -5.3923068046569824e+00, -3.6635863780975342e-01,
       1.3662489652633667e+00 ]
   - [ -5.2758898735046387e+00, -5.3644642233848572e-02,
       1.3380589485168457e+00 ]
   - [ -5.1907033920288086e+00, 6.8408900499343872e-01,
       1.2672036886215210e+00 ]
   - [ -5.5086011886596680e+00, 7.1264106035232544e-01,
       1.2727956771850586e+00 ]
   - [ -5.5086011886596680e+00, 7.1264106035232544e-01,
       1.2727956771850586e+00 ]
   - [ -3.7059750556945801e+00, 1.8167525529861450e+00,
       1.1064060926437378e+00 ]
   - [ -4.2695240974426270e+00, 2.5782089233398438e+00,
       1.0485318899154663e+00 ]
   - [ -4.3269529342651367e+00, 2.6350123882293701e+00,
       1.0452350378036499e+00 ]
   - [ -3.1200816631317139e+00, 3.7246868610382080e+00,
       9.0165865421295166e-01 ]
   - [ -4.4457225799560547e+00, -4.3506402969360352e+00,
       1.7240713834762573e+00 ]
   - [ -1.7934997081756592e+00, -4.0529971122741699e+00,
       1.6083269119262695e+00 ]
   - [ 3.6579409241676331e-01, -3.7569539546966553e+00,
       1.5007985830307007e+00 ]
   - [ -4.4847579002380371e+00, -4.2870206832885742e+00,
       1.7229785919189453e+00 ]
   - [ -1.8821955919265747e+00, -3.6858041286468506e+00,
       1.5840021371841431e+00 ]
   - [ -1.8821955919265747e+00, -3.6858041286468506e+00,
       1.5840021371841431e+00 ]
   - [ -2.3473055362701416e+00, -3.6618506908416748e+00,
       1.5852423906326294e+00 ]
   - [ 1.8178225755691528e+00, -3.0688917636871338e+00,
       1.3736606836318970e+00 ]
   - [ 1.3002974987030029e+00, -3.1076450347900391e+00,
       1.3928714990615845e+00 ]
   - [ 2.0389225482940674e+00, -2.6726746559143066e+00,
       1.3425059318542480e+00 ]
   - [ -2.7806138992309570e+00, -3.0427966117858887e+00,
       1.5419548749923706e+00 ]
   - [ -4.3966388702392578e+00, -3.0927693843841553e+00,
       1.6019598245620728e+00 ]
   - [ -3.3037765026092529e+00, -2.8862810134887695e+00,
       1.5406823158264160e+00 ]
   - [ -3.4483962059020996e+00, -2.3012313842773438e+00,
       1.4818310737609863e+00 ]
   - [ -4.9422202110290527e+00, -2.2791364192962646e+00,
       1.5338667631149292e+00 ]
   - [ -8.5978791117668152e-02, -1.9708780050277710e+00,
       1.3439104557037354e+00 ]
   - [ -1.4472623169422150e-01, -1.9303506612777710e+00,
       1.3393396139144897e+00 ]
   - [ -5.3829269409179688e+00, -1.0843935012817383e+00,
       1.4284127950668335e+00 ]
   - [ -5.1062493324279785e+00, -1.0566401481628418e+00,
       1.4199339151382446e+00 ]
   - [ -3.7190649509429932e+00, 1.8186341524124146e+00,
       1.1052224636077881e+00 ]
   - [ -4.2970318794250488e+00, 2.0345053672790527e+00,
       1.1004366874694824e+00 ]
   - [ -4.0052061080932617e+00, 2.8019380569458008e+00,
       1.0229375362396240e+00 ]
   - [ -8.7585669755935669e-01, -5.1887297630310059e+00,
       1.6830939054489136e+00 ]
   - [ -1.3038014173507690e+00, -5.1173624992370605e+00,
       1.6915991306304932e+00 ]
   - [ -4.5281796455383301e+00, -5.3854632377624512e+00,
       1.8296016454696655e+00 ]
   - [ -3.2774879932403564e+00, -4.7911272048950195e+00,
       1.7303514480590820e+00 ]
   - [ -5.1502308845520020e+00, -4.9584774971008301e+00,
       1.7959041595458984e+00 ]
   - [ -3.2493822574615479e+00, -4.7602930068969727e+00,
       1.7289764881134033e+00 ]
   - [ -6.0192852020263672e+00, -5.0294761657714844e+00,
       1.8331291675567627e+00 ]
   - [ -5.0136508941650391e+00, -4.9116373062133789e+00,
       1.7911150455474854e+00 ]
   - [ -3.8448232412338257e-01, -4.1620812416076660e+00,
       1.5655920505523682e+00 ]
   - [ -4.4749612808227539e+00, -4.3995900154113770e+00,
       1.7289052009582520e+00 ]
   - [ 7.0083059370517731e-02, -3.6639397144317627e+00,
       1.5024168491363525e+00 ]
   - [ 2.0783629417419434e+00, -3.0680391788482666e+00,
       1.3615586757659912e+00 ]
   - [ 2.0649313926696777e+00, -3.0490126609802246e+00,
       1.3658835887908936e+00 ]
   - [ 2.0649313926696777e+00, -3.0490126609802246e+00,
       1.3658835887908936e+00 ]
   - [ -2.3492939472198486e+00, -3.2085330486297607e+00,
       1.5421200990676880e+00 ]
   - [ -3.3392605781555176e+00, -2.9231250286102295e+00,
       1.5471341609954834e+00 ]
   - [ -8.0582255125045776e-01, -2.6814556121826172e+00,
       1.4482543468475342e+00 ]
   - [ -2.6573054790496826e+00, -2.7507548332214355e+00,
       1.5095368623733521e+00 ]
   - [ -5.1683392524719238e+00, -2.8159787654876709e+00,
       1.5907588005065918e+00 ]
   - [ -1.1024167537689209e+00, -2.3153734207153320e+00,
       1.4260475635528564e+00 ]
   - [ -3.4435823909007013e-04, -1.9680945873260498e+00,
       1.3409391641616821e+00 ]
   - [ -1.5077829360961914e-01, -1.9568574428558350e+00,
       1.3432925939559937e+00 ]
   - [ 1.7255221605300903e+00, -1.7049925327301025e+00,
       1.2279255390167236e+00 ]
   - [ -5.0930643081665039e+00, -9.4647121429443359e-01,
       1.4103707075119019e+00 ]
   - [ -5.8595533370971680e+00, -9.5586377382278442e-01,
       1.4378927946090698e+00 ]
   - [ -5.8054499626159668e+00, -6.9064021110534668e-01,
       1.4124439954757690e+00 ]
   - [ -4.5428895950317383e+00, -1.3193922117352486e-02,
       1.3099185228347778e+00 ]
   - [ -4.9620757102966309e+00, 3.4063056111335754e-01,
       1.2868078947067261e+00 ]
   - [ -4.3677515983581543e+00, 2.0934116840362549e+00,
       1.1000322103500366e+00 ]
   - [ -4.4457097053527832e+00, 2.2263960838317871e+00,
       1.0934250354766846e+00 ]
   - [ -4.1099328994750977e+00, 2.4793894290924072e+00,
       1.0462660789489746e+00 ]
   - [ -4.0415911674499512e+00, 2.5366814136505127e+00,
       1.0473958253860474e+00 ]
   - [ -4.1989650726318359e+00, 3.1115550994873047e+00,
       9.9793201684951782e-01 ]
   - [ -3.8094117641448975e+00, 3.5782620906829834e+00,
       9.2934280633926392e-01 ]
   - [ -3.1237146854400635e+00, 3.6895887851715088e+00,
       9.0645116567611694e-01 ]
   - [ -2.0532386302947998e+00, -5.0394525527954102e+00,
       1.7122902870178223e+00 ]
   - [ -4.7210583686828613e+00, -5.3027105331420898e+00,
       1.8181338310241699e+00 ]
   - [ -2.9817149043083191e-01, -4.6461534500122070e+00,
       1.6091207265853882e+00 ]
   - [ -3.5042316913604736e+00, -5.0730648040771484e+00,
       1.7646083831787109e+00 ]
   - [ -4.5083456039428711e+00, -5.0918250083923340e+00,
       1.7966631650924683e+00 ]
   - [ -3.1099371910095215e+00, -4.4642333984375000e+00,
       1.6898826360702515e+00 ]
   - [ 5.2704566717147827e-01, -3.8420159816741943e+00,
       1.5050357580184937e+00 ]
   - [ -5.8298711776733398e+00, -4.3870105743408203e+00,
       1.7737563848495483e+00 ]
   - [ -5.8298711776733398e+00, -4.3870105743408203e+00,
       1.7737563848495483e+00 ]
   - [ 1.6851097345352173e-02, -3.6631278991699219e+00,
       1.5061467885971069e+00 ]
   - [ 9.7556829452514648e-02, -3.6377482414245605e+00,
       1.5001851320266724e+00 ]
   - [ -2.0476357936859131e+00, -3.8656456470489502e+00,
       1.5999013185501099e+00 ]
   - [ 1.8616462945938110e+00, -3.0710062980651855e+00,
       1.3714594841003418e+00 ]
   - [ 1.4516545534133911e+00, -3.0863506793975830e+00,
       1.3898935317993164e+00 ]
   - [ -4.4376049041748047e+00, -3.5154345035552979e+00,
       1.6422132253646851e+00 ]
   - [ -2.8937461376190186e+00, -3.1252946853637695e+00,
       1.5535749197006226e+00 ]
   - [ 1.9791316986083984e+00, -2.6617970466613770e+00,
       1.3462942838668823e+00 ]
   - [ 7.5933195650577545e-02, -2.7393469810485840e+00,
       1.4225471019744873e+00 ]
   - [ -2.1691603660583496e+00, -2.6750864982604980e+00,
       1.4901466369628906e+00 ]
   - [ -1.0003421306610107e+00, -2.3680918216705322e+00,
       1.4251228570938110e+00 ]
   - [ -1.0003421306610107e+00, -2.3680918216705322e+00,
       1.4251228570938110e+00 ]
   - [ -5.5983978509902954e-01, -1.9537914991378784e+00,
       1.3599479198455811e+00 ]
   - [ -2.9748275279998779e+00, -2.0201225280761719e+00,
       1.4481749534606934e+00 ]
   - [ -8.7354469299316406e-01, -1.8662612438201904e+00,
       1.3614733219146729e+00 ]
   - [ -3.5484591126441956e-01, -1.8277009725570679e+00,
       1.3325223922729492e+00 ]
   - [ -5.4274148941040039e+00, -6.6791421175003052e-01,
       1.3957452774047852e+00 ]
   - [ -4.5692605972290039e+00, 6.0203261673450470e-03,
       1.3086575269699097e+00 ]
   - [ -5.5864171981811523e+00, 4.7948975116014481e-02,
       1.3351888656616211e+00 ]
   - [ -4.1367211341857910e+00, 2.4875962734222412e+00,
       1.0464936494827271e+00 ]
   - [ -3.9850835800170898e+00, 3.1331744194030762e+00,
       9.9050837755203247e-01 ]
   - [ -3.9855947494506836e+00, 3.1543009281158447e+00,
       9.8817819356918335e-01 ]
   - [ -3.4524598121643066e+00, -5.2701845169067383e+00,
       1.7847924232482910e+00 ]
   - [ -4.6840820312500000e+00, -4.9049720764160156e+00,
       1.7815589904785156e+00 ]
   - [ 2.4383004754781723e-02, -3.8931837081909180e+00,
       1.5251228809356689e+00 ]
   - [ -5.9001648426055908e-01, -3.4606604576110840e+00,
       1.5029480457305908e+00 ]
   - [ 1.4149729013442993e+00, -3.1148557662963867e+00,
       1.3857021331787109e+00 ]
   - [ -4.2629703879356384e-01, -2.7240924835205078e+00,
       1.4303370714187622e+00 ]
   - [ -5.0117403268814087e-01, -2.6290032863616943e+00,
       1.4207835197448730e+00 ]
   - [ -2.7522494792938232e+00, -2.6937301158905029e+00,
       1.5056775808334351e+00 ]
   - [ -7.4925735592842102e-02, -2.0068941116333008e+00,
       1.3442633152008057e+00 ]
   - [ 8.0218124389648438e-01, -1.7457441091537476e+00,
       1.2673149108886719e+00 ]
   - [ -5.8365511894226074e+00, -7.2774559259414673e-01,
       1.4148563146591187e+00 ]
   - [ -5.4010686874389648e+00, -6.7425739765167236e-01,
       1.3995461463928223e+00 ]
   - [ -4.7699937820434570e+00, 3.2004135847091675e-01,
       1.2823631763458252e+00 ]
   - [ -5.7747092097997665e-02, -4.5555629730224609e+00,
       1.5931487083435059e+00 ]
   - [ -5.0109868049621582e+00, -4.9690265655517578e+00,
       1.7883517742156982e+00 ]
   - [ 5.2416689693927765e-02, -4.3770546913146973e+00,
       1.5720363855361938e+00 ]
   - [ -5.4777255058288574e+00, -5.0114178657531738e+00,
       1.8103348016738892e+00 ]
   - [ -5.4777255058288574e+00, -5.0114178657531738e+00,
       1.8103348016738892e+00 ]
   - [ -3.2004404067993164e+00, -3.6227033138275146e+00,
       1.6122853755950928e+00 ]
   - [ -2.1636133193969727e+00, -3.4624073505401611e+00,
       1.5614963769912720e+00 ]
   - [ -2.2630145549774170e+00, -3.2717566490173340e+00,
       1.5463798046112061e+00 ]
   - [ -4.4363036155700684e+00, -2.9294936656951904e+00,
       1.5873245000839233e+00 ]
   - [ -5.5864610671997070e+00, -1.0264016389846802e+00,
       1.4344089031219482e+00 ]
   - [ -3.3426403999328613e+00, 2.5538809299468994e+00,
       1.0191044807434082e+00 ]
   - [ 5.8140758424997330e-02, -4.0037689208984375e+00,
       1.5311261415481567e+00 ]
   - [ 1.2327409535646439e-01, -3.9741251468658447e+00,
       1.5327320098876953e+00 ]
   - [ -1.4992670059204102e+01, -1.0239908218383789e+01,
       4.0557904243469238e+00 ]
   - [ 1.6335077285766602e+00, -1.7438410520553589e+00,
       1.2342268228530884e+00 ]
   - [ -5.4484133720397949e+00, -1.0223171710968018e+00,
       1.4283403158187866e+00 ]
   - [ -5.9053287506103516e+00, -8.4454852342605591e-01,
       1.4284378290176392e+00 ]
   - [ -3.3251342773437500e+00, 2.6345214843750000e+00,
       1.0069189071655273e+00 ]
   - [ -5.0645565986633301e-01, -4.5988254547119141e+00,
       1.6118696928024292e+00 ]
   - [ -5.0645565986633301e-01, -4.5988254547119141e+00,
       1.6118696928024292e+00 ]
   - [ -3.2189064025878906e+00, -4.8251652717590332e+00,
       1.7321752309799194e+00 ]
   - [ -3.2189064025878906e+00, -4.8251652717590332e+00,
       1.7321752309799194e+00 ]
   - [ -1.9227651357650757e+00, -3.7360727787017822e+00,
       1.5873204469680786e+00 ]
   - [ -7.3710620403289795e-01, -2.0173070430755615e+00,
       1.3723111152648926e+00 ]
   - [ -4.5304036140441895e+00, -5.1312565803527832e+00,
       1.7895976305007935e+00 ]
   - [ -1.4908272743225098e+01, -9.7842302322387695e+00,
       4.0077395439147949e+00 ]
   - [ -1.4908272743225098e+01, -9.7842302322387695e+00,
       4.0077395439147949e+00 ]
   - [ -4.4791412353515625e+00, -3.2415697574615479e+00,
       1.6166416406631470e+00 ]
   - [ -5.7077422142028809e+00, -5.0935335159301758e+00,
       1.8147735595703125e+00 ]
   - [ -5.2567763328552246e+00, -5.0690269470214844e+00,
       1.7971720695495605e+00 ]
   - [ -3.2248504161834717e+00, 2.9181230068206787e+00,
       9.8316466808319092e-01 ]
   - [ -1.8367619812488556e-01, -4.2814488410949707e+00,
       1.5786377191543579e+00 ]
   - [ -1.1301500797271729e+00, -4.2935013771057129e+00,
       1.6028330326080322e+00 ]
   - [ -4.5693402290344238e+00, -3.9330420494079590e+00,
       1.6895703077316284e+00 ]
   - [ -4.5671415328979492e+00, -3.7079854011535645e+00,
       1.6723734140396118e+00 ]
   - [ -4.5671415328979492e+00, -3.7079854011535645e+00,
       1.6723734140396118e+00 ]
   - [ -3.6392803192138672e+00, -4.1732635498046875e+00,
       1.6981275081634521e+00 ]
   - [ -1.6389449834823608e+00, -3.7817063331604004e+00,
       1.5839935541152954e+00 ]
   - [ -1.0941932201385498e+00, -2.3628659248352051e+00,
       1.4364017248153687e+00 ]
   - [ -2.8514292836189270e-01, -2.1100003719329834e+00,
       1.3691582679748535e+00 ]
   - [ -3.0795466899871826e+00, -1.8978431224822998e+00,
       1.4262394905090332e+00 ]
   - [ -8.3400785923004150e-01, -7.8073519468307495e-01,
       8.0751025676727295e-01 ]
   - [ -1.9869756698608398e+00, -8.1092256307601929e-01,
       8.2867902517318726e-01 ]
   - [ -2.1318364143371582e+00, -7.7240750193595886e-02,
       7.8461802005767822e-01 ]
   - [ -7.3602149963378906e+01, -8.4253639221191406e+01,
       2.8188682556152344e+01 ]
   - [ -2.6629158020019531e+01, -1.5755135536193848e+01,
       7.0698881149291992e+00 ]
   - [ 1.5188786983489990e+00, -3.1491856575012207e+00,
       1.4094827175140381e+00 ]
   - [ -2.7255980968475342e+00, -3.6471128463745117e+00,
       1.6076538562774658e+00 ]
   - [ 1.6062505245208740e+00, -2.7220466136932373e+00,
       1.4022445678710938e+00 ]
   - [ 3.2065737992525101e-02, -2.8852941989898682e+00,
       1.4525461196899414e+00 ]
   - [ -8.8863658905029297e-01, -2.4892513751983643e+00,
       1.4407945871353149e+00 ]
   - [ -1.1358214616775513e+00, -2.1585061550140381e+00,
       1.4193540811538696e+00 ]
   - [ -8.5008397698402405e-02, -1.9202897548675537e+00,
       1.3674572706222534e+00 ]
   - [ -3.2011506557464600e+00, -1.8811893463134766e+00,
       1.4271070957183838e+00 ]
   - [ -3.1475183963775635e+00, -1.7286479473114014e+00,
       1.4142763614654541e+00 ]
   - [ 3.9502836763858795e-02, -1.2289135456085205e+00,
       1.3034476041793823e+00 ]
   - [ -2.7679202556610107e+00, -1.3356562852859497e+00,
       1.3751555681228638e+00 ]
   - [ -3.4992067813873291e+00, -1.3441591262817383e+00,
       1.3875919580459595e+00 ]
   - [ -2.4813971519470215e+00, -1.1930912733078003e+00,
       1.3562607765197754e+00 ]
   - [ -3.3853299617767334e+00, -1.0641876459121704e+00,
       1.3644725084304810e+00 ]
   - [ -2.8371431827545166e+00, -9.4308781623840332e-01,
       1.3426831960678101e+00 ]
   - [ -2.8348150253295898e+00, -9.3557626008987427e-01,
       1.3430151939392090e+00 ]
   - [ -2.7074942588806152e+00, -8.9362263679504395e-01,
       1.3397681713104248e+00 ]
   - [ -5.2261633872985840e+00, -1.0462667942047119e+00,
       1.4027680158615112e+00 ]
   - [ -5.8174238204956055e+00, -1.0035096406936646e+00,
       1.4155849218368530e+00 ]
   - [ -2.4701063632965088e+00, -5.1524549722671509e-01,
       8.1724542379379272e-01 ]
   - [ -8.1340539455413818e-01, -3.8864418864250183e-01,
       7.8226923942565918e-01 ]
   - [ -2.5077350139617920e+00, -2.8666695952415466e-01,
       8.0359995365142822e-01 ]
   - [ -1.9816994667053223e+00, -2.2994992136955261e-01,
       7.9108798503875732e-01 ]
   - [ -5.2280449867248535e+00, 3.5100242495536804e-01,
       1.3041610717773438e+00 ]
   - [ -1.2905818223953247e+00, -1.3625247403979301e-02,
       7.6796150207519531e-01 ]
   - [ -2.1637539863586426e+00, -4.9383774399757385e-02,
       7.8404653072357178e-01 ]
   - [ -8.2318419218063354e-01, -5.3261470794677734e-01,
       4.8436608910560608e-01 ]
   - [ -1.6531644761562347e-01, -2.3893134593963623e+00,
       -2.0744636654853821e-01 ]
   - [ -5.2658905982971191e+00, 7.3290699720382690e-01,
       1.2814815044403076e+00 ]
   - [ -4.3670620918273926e+00, 2.4703931808471680e+00,
       1.1650851964950562e+00 ]
   - [ -4.4043760299682617e+00, 2.5814242362976074e+00,
       1.1571602821350098e+00 ]
   - [ -4.4554939270019531e+00, 2.8657970428466797e+00,
       1.1489889621734619e+00 ]
   - [ -4.4784855842590332e+00, -8.3677101135253906e+00,
       2.3412170410156250e+00 ]
   - [ -6.3934025764465332e+00, -7.8605599403381348e+00,
       2.1567280292510986e+00 ]
   - [ -6.3934025764465332e+00, -7.8605599403381348e+00,
       2.1567280292510986e+00 ]
   - [ -5.1704282760620117e+00, -6.2246594429016113e+00,
       2.0302445888519287e+00 ]
   - [ -5.1971263885498047e+00, -6.2261686325073242e+00,
       2.0355968475341797e+00 ]
   - [ 5.5641474723815918e+00, 2.6546816825866699e+00,
       -1.1926841735839844e+00 ]
   - [ -3.8498145341873169e-01, -4.2567234039306641e+00,
       1.5789597034454346e+00 ]
   - [ -5.0914506912231445e+00, -5.0861997604370117e+00,
       1.8617290258407593e+00 ]
   - [ -5.1097779273986816e+00, -5.0699310302734375e+00,
       1.8665124177932739e+00 ]
   - [ 1.0891234129667282e-01, -3.9162380695343018e+00,
       1.5303497314453125e+00 ]
   - [ -2.3855679035186768e+00, -4.3374309539794922e+00,
       1.6766558885574341e+00 ]
   - [ -3.6052930355072021e+00, -4.4819855690002441e+00,
       1.7392281293869019e+00 ]
   - [ -3.2285387516021729e+00, -4.0672526359558105e+00,
       1.6710870265960693e+00 ]
   - [ -6.1988987922668457e+00, -4.4177279472351074e+00,
       1.8068684339523315e+00 ]
   - [ -2.5843567848205566e+00, -3.7480800151824951e+00,
       1.6138725280761719e+00 ]
   - [ -2.8002846240997314e+00, -3.6738519668579102e+00,
       1.6096330881118774e+00 ]
   - [ -2.5514633655548096e+00, -3.5351109504699707e+00,
       1.5906366109848022e+00 ]
   - [ -2.2060890197753906e+00, -3.4651324748992920e+00,
       1.5676288604736328e+00 ]
   - [ -8.2828152179718018e-01, -3.2408275604248047e+00,
       1.5100526809692383e+00 ]
   - [ -5.5043025016784668e+00, -3.7327129840850830e+00,
       1.7076128721237183e+00 ]
   - [ -4.0869569778442383e+00, -3.5191504955291748e+00,
       1.6331485509872437e+00 ]
   - [ 3.1062703579664230e-02, -2.8508789539337158e+00,
       1.4500453472137451e+00 ]
   - [ 3.1062703579664230e-02, -2.8508789539337158e+00,
       1.4500453472137451e+00 ]
   - [ -5.2557649612426758e+00, -3.2170367240905762e+00,
       1.5014710426330566e+00 ]
   - [ -2.9446675777435303e+00, -3.1191711425781250e+00,
       1.5557035207748413e+00 ]
   - [ -3.2411236763000488e+00, -2.9199054241180420e+00,
       1.5416920185089111e+00 ]
   - [ -2.6669070720672607e+00, -2.8026051521301270e+00,
       1.5090290307998657e+00 ]
   - [ -2.4650840759277344e+00, -2.7421793937683105e+00,
       1.4994571208953857e+00 ]
   - [ -5.1091151237487793e+00, -2.8885409832000732e+00,
       1.5887348651885986e+00 ]
   - [ -5.9710037708282471e-01, -2.3761537075042725e+00,
       1.4123976230621338e+00 ]
   - [ -3.1565645337104797e-01, -2.3273301124572754e+00,
       1.4023772478103638e+00 ]
   - [ -2.9406803846359253e-01, -2.2373833656311035e+00,
       1.3865313529968262e+00 ]
   - [ -3.8725216388702393e+00, -2.3715341091156006e+00,
       1.4917805194854736e+00 ]
   - [ -5.0828723907470703e+00, -2.4887773990631104e+00,
       1.5383131504058838e+00 ]
   - [ -2.3048976063728333e-01, -1.9984415769577026e+00,
       1.3660334348678589e+00 ]
   - [ -5.1067848205566406e+00, -2.4744720458984375e+00,
       1.5408618450164795e+00 ]
   - [ -1.0376551151275635e+00, -1.9927743673324585e+00,
       1.4017144441604614e+00 ]
   - [ -2.6085555553436279e+00, -2.0769283771514893e+00,
       1.4363610744476318e+00 ]
   - [ -8.3982086181640625e-01, -1.8044400215148926e+00,
       1.3717384338378906e+00 ]
   - [ -2.1932618618011475e+00, -1.9108268022537231e+00,
       1.4251341819763184e+00 ]
   - [ -1.0886418819427490e+00, -1.6830633878707886e+00,
       1.3672430515289307e+00 ]
   - [ -3.0853939056396484e+00, -1.8468488454818726e+00,
       1.4204539060592651e+00 ]
   - [ -1.6288061141967773e+00, -1.5441935062408447e+00,
       1.3651421070098877e+00 ]
   - [ -2.3021142482757568e+00, -1.5668245553970337e+00,
       1.3850876092910767e+00 ]
   - [ -2.6370537281036377e+00, -1.5871859788894653e+00,
       1.3931624889373779e+00 ]
   - [ -2.8151066303253174e+00, -1.5990253686904907e+00,
       1.3997908830642700e+00 ]
   - [ -3.0753371715545654e+00, -1.5800613164901733e+00,
       1.4055687189102173e+00 ]
   - [ -1.5224736928939819e+00, -1.4412784576416016e+00,
       1.3560140132904053e+00 ]
   - [ -3.0627801418304443e+00, -1.5231891870498657e+00,
       1.3976589441299438e+00 ]
   - [ -3.0517356395721436e+00, -1.5226757526397705e+00,
       1.3983702659606934e+00 ]
   - [ -3.0999617576599121e+00, -1.5004445314407349e+00,
       1.3967881202697754e+00 ]
   - [ -3.0608952045440674e+00, -1.4050321578979492e+00,
       1.3883624076843262e+00 ]
   - [ -4.9232149124145508e+00, -1.5245726108551025e+00,
       1.3140046596527100e+00 ]
   - [ -2.4949669837951660e+00, -1.3325500488281250e+00,
       1.3679332733154297e+00 ]
   - [ -2.7959160804748535e+00, -1.3362085819244385e+00,
       1.3769743442535400e+00 ]
   - [ -2.7959160804748535e+00, -1.3362085819244385e+00,
       1.3769743442535400e+00 ]
   - [ -3.5466749668121338e+00, -1.3770955801010132e+00,
       1.3948066234588623e+00 ]
   - [ -3.5629537105560303e+00, -1.3671630620956421e+00,
       1.3926196098327637e+00 ]
   - [ -3.5306816101074219e+00, -1.3375402688980103e+00,
       1.3889933824539185e+00 ]
   - [ -8.8686728477478027e-01, -1.1081684827804565e+00,
       1.3156428337097168e+00 ]
   - [ -1.8014621734619141e+00, -1.1234345436096191e+00,
       1.3356041908264160e+00 ]
   - [ 2.2523076832294464e-01, -9.2730826139450073e-01,
       1.2768597602844238e+00 ]
   - [ 2.2523076832294464e-01, -9.2730826139450073e-01,
       1.2768597602844238e+00 ]
   - [ -1.8042645454406738e+00, -1.0412460565567017e+00,
       1.3291357755661011e+00 ]
   - [ -2.4747371673583984e+00, -1.0661319494247437e+00,
       1.3442313671112061e+00 ]
   - [ -2.0283970832824707e+00, -9.9837321043014526e-01,
       1.3316596746444702e+00 ]
   - [ -7.8566879034042358e-01, -8.6065822839736938e-01,
       1.2937707901000977e+00 ]
   - [ -7.7134096622467041e-01, -8.5863262414932251e-01,
       1.2930072546005249e+00 ]
   - [ -2.4816520214080811e+00, -9.6275484561920166e-01,
       1.3409303426742554e+00 ]
   - [ -2.1567757129669189e+00, -9.1552805900573730e-01,
       1.3304302692413330e+00 ]
   - [ -7.5501084327697754e-01, -8.0134510993957520e-01,
       1.2889561653137207e+00 ]
   - [ -2.8705573081970215e+00, -8.8783884048461914e-01,
       1.3443911075592041e+00 ]
   - [ -3.5109205245971680e+00, -9.2318576574325562e-01,
       1.3537970781326294e+00 ]
   - [ -2.8693430423736572e+00, -8.2054346799850464e-01,
       1.3265372514724731e+00 ]
   - [ -6.8624687194824219e-01, -7.7126884460449219e-01,
       8.0524146556854248e-01 ]
   - [ -1.0011552572250366e+00, -7.8159958124160767e-01,
       8.0999970436096191e-01 ]
   - [ -5.7708520889282227e+00, -8.3865314722061157e-01,
       1.4047547578811646e+00 ]
   - [ -2.0077226161956787e+00, -8.0628144741058350e-01,
       8.2916826009750366e-01 ]
   - [ -1.6023893356323242e+00, -7.7119636535644531e-01,
       8.1905120611190796e-01 ]
   - [ -1.6023893356323242e+00, -7.7119636535644531e-01,
       8.1905120611190796e-01 ]
   - [ -1.2886427640914917e+00, -7.4774968624114990e-01,
       8.0927658081054688e-01 ]
   - [ -2.4616866111755371e+00, -7.8977859020233154e-01,
       8.3673572540283203e-01 ]
   - [ -1.4802287817001343e+00, -7.0126706361770630e-01,
       8.1216043233871460e-01 ]
   - [ -1.4774204492568970e+00, -6.8802690505981445e-01,
       8.1171780824661255e-01 ]
   - [ -2.4571845531463623e+00, -6.3166242837905884e-01,
       8.2581090927124023e-01 ]
   - [ -1.0241512060165405e+00, -5.2263480424880981e-01,
       7.9356622695922852e-01 ]
   - [ -5.3572120666503906e+00, -2.3186983168125153e-01,
       1.3476192951202393e+00 ]
   - [ -4.6649708747863770e+00, -9.2000544071197510e-02,
       1.3191254138946533e+00 ]
   - [ -4.6407384872436523e+00, 2.2138361632823944e-01,
       1.2739713191986084e+00 ]
   - [ -4.9775042533874512e+00, 3.1734439730644226e-01,
       1.2974545955657959e+00 ]
   - [ -4.7253332138061523e+00, 3.5519659519195557e-01,
       1.2897970676422119e+00 ]
   - [ -5.2111921310424805e+00, 3.4292665123939514e-01,
       1.3027757406234741e+00 ]
   - [ -5.3648247718811035e+00, 4.9976792931556702e-01,
       1.3008252382278442e+00 ]
   - [ -4.4354257583618164e+00, 6.1352407932281494e-01,
       1.1245555877685547e+00 ]
   - [ -4.4085235595703125e+00, 6.1421793699264526e-01,
       1.1237365007400513e+00 ]
   - [ -4.4593234062194824e+00, 7.9114687442779541e-01,
       1.1143829822540283e+00 ]
   - [ -2.2708065509796143e+00, 1.6463387012481689e+00,
       1.0185309648513794e+00 ]
   - [ -3.9285976886749268e+00, 2.2644264698028564e+00,
       1.1644271612167358e+00 ]
   - [ -2.9391915798187256e+00, 1.9471201896667480e+00,
       1.0154851675033569e+00 ]
   - [ -2.1941599845886230e+00, 2.0728745460510254e+00,
       9.9776756763458252e-01 ]
   - [ -4.4406208992004395e+00, 2.7993650436401367e+00,
       1.1510086059570313e+00 ]
   - [ -4.5210013389587402e+00, 2.9876174926757813e+00,
       1.1410179138183594e+00 ]
   - [ -6.3620824813842773e+00, -7.7666730880737305e+00,
       2.1529731750488281e+00 ]
   - [ -3.4086740016937256e+00, -3.6277322769165039e+00,
       9.4251048564910889e-01 ]
   - [ -6.7429780960083008e+00, -6.9668993949890137e+00,
       2.0292012691497803e+00 ]
   - [ -6.0019507408142090e+00, -6.7496447563171387e+00,
       1.9843771457672119e+00 ]
   - [ -5.4685873985290527e+00, -6.3835310935974121e+00,
       1.9166431427001953e+00 ]
   - [ -5.4685873985290527e+00, -6.3835310935974121e+00,
       1.9166431427001953e+00 ]
   - [ -2.8486752510070801e+00, -6.2561826705932617e+00,
       1.9451162815093994e+00 ]
   - [ -5.8873147964477539e+00, -6.2940950393676758e+00,
       1.9119015932083130e+00 ]
   - [ -3.9479281902313232e+00, -6.3553109169006348e+00,
       2.0101444721221924e+00 ]
   - [ -3.8963517546653748e-01, -5.1336851119995117e+00,
       1.6710448265075684e+00 ]
   - [ 5.0529241561889648e-01, -4.8017530441284180e+00,
       1.5942171812057495e+00 ]
   - [ -4.6034783124923706e-01, -5.0349040031433105e+00,
       1.6648695468902588e+00 ]
   - [ -9.0389126539230347e-01, -5.0996928215026855e+00,
       1.6941978931427002e+00 ]
   - [ 5.4897272586822510e-01, -4.6414465904235840e+00,
       1.5777473449707031e+00 ]
   - [ 7.8694148063659668e+00, 6.4175209999084473e+00,
       -2.7590289115905762e+00 ]
   - [ -2.8053095340728760e+00, -5.2927436828613281e+00,
       1.8131061792373657e+00 ]
   - [ -5.0581898689270020e+00, -5.7831950187683105e+00,
       1.9580410718917847e+00 ]
   - [ -5.0275211334228516e+00, -5.4234504699707031e+00,
       1.9117056131362915e+00 ]
   - [ -5.4109516143798828e+00, -4.4650535583496094e+00,
       1.5269964933395386e+00 ]
   - [ -1.1512931585311890e+00, -4.3645172119140625e+00,
       1.6240500211715698e+00 ]
   - [ -1.1512931585311890e+00, -4.3645172119140625e+00,
       1.6240500211715698e+00 ]
   - [ -1.6997585296630859e+00, -4.2253861427307129e+00,
       1.6342810392379761e+00 ]
   - [ -7.2155691683292389e-02, -3.8203556537628174e+00,
       1.5274798870086670e+00 ]
   - [ -4.1138038635253906e+00, -4.5341968536376953e+00,
       1.7518846988677979e+00 ]
   - [ -1.6985630989074707e+00, -4.0629944801330566e+00,
       1.6224790811538696e+00 ]
   - [ -6.3027701377868652e+00, -4.8030400276184082e+00,
       1.8656237125396729e+00 ]
   - [ -3.9180848598480225e+00, -4.3004250526428223e+00,
       1.7271717786788940e+00 ]
   - [ -3.0117182731628418e+00, -4.1364536285400391e+00,
       1.6762061119079590e+00 ]
   - [ -1.8477132320404053e+00, -3.9069623947143555e+00,
       1.6108156442642212e+00 ]
   - [ -4.0516967773437500e+00, -4.1811275482177734e+00,
       1.6955038309097290e+00 ]
   - [ -1.8644175529479980e+00, -3.8630776405334473e+00,
       1.6072615385055542e+00 ]
   - [ -1.9799643754959106e+00, -3.7749087810516357e+00,
       1.6031146049499512e+00 ]
   - [ 1.5616559982299805e+01, 6.6471691131591797e+00,
       -3.7051737308502197e+00 ]
   - [ -2.5978834152221680e+01, -1.4698117256164551e+01,
       7.0259819030761719e+00 ]
   - [ -2.8037798404693604e+00, -3.7358076572418213e+00,
       1.6138992309570313e+00 ]
   - [ -1.6281458139419556e+00, -3.5750858783721924e+00,
       1.5695436000823975e+00 ]
   - [ -2.7658061981201172e+00, -3.7193868160247803e+00,
       1.6109886169433594e+00 ]
   - [ -2.8685801029205322e+00, -3.7097868919372559e+00,
       1.6119542121887207e+00 ]
   - [ -2.6691281795501709e+00, -3.6131725311279297e+00,
       1.6040338277816772e+00 ]
   - [ -2.8501369953155518e+00, -3.5975928306579590e+00,
       1.6027793884277344e+00 ]
   - [ -6.1487770080566406e+00, -4.0148048400878906e+00,
       1.7503286600112915e+00 ]
   - [ -4.7958073616027832e+00, -3.8208763599395752e+00,
       1.6944671869277954e+00 ]
   - [ -2.0538537502288818e+00, -3.3887026309967041e+00,
       1.5641590356826782e+00 ]
   - [ -5.2204666137695313e+00, -3.3342237472534180e+00,
       1.3848488330841064e+00 ]
   - [ -2.8184964656829834e+00, -3.3446445465087891e+00,
       1.5770518779754639e+00 ]
   - [ -2.4361548423767090e+00, -3.2698605060577393e+00,
       1.5538172721862793e+00 ]
   - [ 4.5407503843307495e-02, -2.9248843193054199e+00,
       1.4542196989059448e+00 ]
   - [ -5.6926789283752441e+00, -3.2781972885131836e+00,
       1.4293532371520996e+00 ]
   - [ -5.1188545227050781e+00, -3.2990705966949463e+00,
       1.5064669847488403e+00 ]
   - [ -5.2664079666137695e+00, -3.3111565113067627e+00,
       1.5101636648178101e+00 ]
   - [ 1.2388462573289871e-01, -2.6610705852508545e+00,
       1.4290810823440552e+00 ]
   - [ -2.6150007247924805e+00, -2.9696652889251709e+00,
       1.5322163105010986e+00 ]
   - [ 1.4858113527297974e+00, -2.4270949363708496e+00,
       1.3827929496765137e+00 ]
   - [ -3.2205748558044434e+00, -2.9317584037780762e+00,
       1.5414918661117554e+00 ]
   - [ -2.6615221500396729e+00, -2.8512043952941895e+00,
       1.5157814025878906e+00 ]
   - [ -2.6997566223144531e+00, -2.7718245983123779e+00,
       1.5102272033691406e+00 ]
   - [ -3.5260352492332458e-01, -2.4293739795684814e+00,
       1.4123544692993164e+00 ]
   - [ -4.3768477439880371e+00, -2.8711228370666504e+00,
       1.5724673271179199e+00 ]
   - [ -2.9679536819458008e+00, -2.6818454265594482e+00,
       1.5085610151290894e+00 ]
   - [ -2.6734182834625244e+00, -2.6258571147918701e+00,
       1.4938924312591553e+00 ]
   - [ -2.9460089206695557e+00, -2.5405457019805908e+00,
       1.4950565099716187e+00 ]
   - [ -2.9714000225067139e+00, -2.5153050422668457e+00,
       1.4937901496887207e+00 ]
